DateKey, EUR, ETH, BTC, EURETH, EURBTC
0, 0, 0, 0, 0
0, 0, 0, 0, 0
14.25, 0, 0, 0, 0
14.25, 0, 0, 0, 0
7.7, 0.0034844, 0, 6.55, 0
7.7, 0.0034844, 0, 6.55, 0
0.21, 0.0054894, 0,00015847 , 10.22, 3.75
0.21, 0.0054894, 0,00015847 , 9.99, 3.64
0.21, 0.0054894, 0,00015847 , 8.48, 3.3
0.21, 0.0054894, 0,00015847 , 8.98, 3.42
0.21, 0.0054894, 0,00015847 , 9.25, 3.45
0.21, 0.0054894, 0,00015847 , 9.38, 3.43
0.21, 0.0054894, 0,00015847 , 7.98, 3.16
3.94, 0.0027, 0,00015847 , 4.57, 3.22
3.94, 0.0027, 0,00015847 , 4.55, 3.19
3.94, 0.0027, 0,00015847 , 4.67, 3.19
6.56, 0.0012354, 0,00015847 , 1.93, 3.15
6.56, 0.0012354, 0,00015847 , 1.92, 3.15
6.56, 0.0012354, 0,00015847 , 1.99, 3.16
6.56, 0.0012354, 0,00015847 , 1.96, 3.04
6.56, 0.0012354, 0,00015847 , 1.89, 3
6.56, 0.0012354, 0,00015847 , 2.03, 3.07
6.56, 0.0012354, 0,00015847 , 2.11, 3.36
6.56, 0.0012354, 0,00015847 , 2.11, 3.38
6.56, 0.0012354, 0,00015847 , 2.16, 3.41
6.56, 0.0012354, 0,00015847 , 2.12, 3.44
0.03, 0.0053084, 0,00015847 , 8.39, 3.18
0.03, 0.0053084, 0,00015847 , 7.59, 3.07
0.03, 0.0053084, 0,00015847 , 7.38, 3.12
0.03, 0.0053084, 0,00015847 , 7.54, 3.15
0.03, 0.0053084, 0,00015847 , 7.17, 3.03
0.03, 0.0053084, 0,00015847 , 7.1, 3.12
0.03, 0.0053084, 0,00015847 , 7.1, 3.12
0.03, 0.0053084, 0,00015847 , 7.21, 3.22
0.03, 0.0053084, 0,00015847 , 7.23, 3.17
0.03, 0.0053084, 0,00015847 , 7.22, 3.17
0.03, 0.0053084, 0,00015847 , 7.14, 3.14
0.03, 0.0053084, 0,00015847 , 6.99, 3.13
0.03, 0.0053084, 0,00015847 , 7.11, 3.12
0.03, 0.0053084, 0,00015847 , 7.03, 3.15
0.03, 0.0053084, 0,00015847 , 7, 3.12
0.03, 0.0053084, 0,00015847 , 7.11, 3.14
0.03, 0.0053084, 0,00015847 , 7.17, 3.15
0.03, 0.0053084, 0,00015847 , 7, 3.1
0.03, 0.0053084, 0,00015847 , 7, 3.09
0.03, 0.0053084, 0,00015847 , 7, 3.08
0.03, 0.0053084, 0,00015847 , 7.08, 3.09
0.03, 0.00530840566, 0.00015847, 7.16, 3.12
0.03, 0.00530840566, 0.00015847, 7.23, 3.1
0.03, 0.00530840566, 0.00015847, 7.24, 3.11
0.03, 0.00530840566, 0.00015847, 8.25, 3.29
0.03, 0.00530840566, 0.00015847, 8.22, 3.26
0.03, 0.00530840566, 0.00015847, 8.47, 3.28
0.03, 0.00530840566, 0.00015847, 8.39, 3.28
0.03, 0.00530840566, 0.00015847, 8.35, 3.27
0.03, 0.00530840566, 0.00015847, 8.77, 3.36
0.03, 0.00530840566, 0.00015847, 8.79, 3.41
0.03, 0.00530840566, 0.00015847, 8.7, 3.39
0.03, 0.00530840566, 0.00015847, 8.46, 3.35
0.03, 0.00530840566, 0.00015847, 8, 3.15
0.03, 0.00530840566, 0.00015847, 6.53, 2.84
0.03, 0.00530840566, 0.00015847, 5.84, 2.73
0.03, 0.00530840566, 0.00015847, 6.3, 2.57
0.03, 0.00530840566, 0.00015847, 6.23, 2.63
0.03, 0.00530840566, 0.00015847, 6.27, 2.56
0.03, 0.00530840566, 0.00015847, 6.46, 2.61
0.03, 0.00530840566, 0.00015847, 6.83, 2.74
0.03, 0.00530840566, 0.00015847, 6.24, 2.57
0.03, 0.00530840566, 0.00015847, 6.26, 2.6
0.03, 0.00530840566, 0.00015847, 6.26, 2.6
0.03, 0.00530840566, 0.00015847, 6.03, 2.63
0.03, 0.00530840566, 0.00015847, 6.14, 2.66
0.03, 0.00530840566, 0.00015847, 5.78, 2.45
0.03, 0.00530840566, 0.00015847, 5.98, 2.53
0.03, 0.00530840566, 0.00015847, 6.1, 2.6
0.03, 0.00530840566, 0.00015847, 6.72, 2.72
165.15, 0.00530840566, 0.00015847, 6.07733333333333, 2.58533333333333
158.92, 0.00635840566, 0.00047945, 7.86, 7.86
158.92, 0.00635840566, 0.00047945, 7.72, 7.76
155.17, 0.00635840566, 0.00071615, 7.71, 11.52
151.42, 0.00950040566, 0.00071615, 11.42, 11.58
151.42, 0.00950040566, 0.00071615, 11.75, 11.89
151.42, 0.00950040566, 0.00071615, 11.38, 11.52
151.42, 0.00950040566, 0.00071615, 11.13, 11.54
147.67, 0.01275240566, 0.00071615, 15.43, 11.76
147.67, 0.01275240566, 0.00071615, 16.07, 11.68
147.67, 0.01275240566, 0.00071615, 15.2, 11.67
147.67, 0.01275240566, 0.00071615, 15.44, 11.76
175, 0, 0, 20, 15
210, 0, 0, 0, 0
0, 0, 0, 0, 0
0.0, 0.0, 0.0, 0.0, 0.0
60, 0, 0, 0, 0
60, 0, 0, 0, 0
0.12, 0.010072537661551, 0.000706341, 22.08, 39.79
0.12, 0.010072537661551, 0.000706341, 22.38, 40.1
0.12, 0.010072537661551, 0.000706341, 22.98, 40.87
0.12, 0.010072537661551, 0.000706341, 22.38, 39.93
0.12, 0.010072537661551, 0.000706341, 21.97, 39.05
0.12, 0.010072537661551, 0.000706341, 22.03, 39.21
0.12, 0.010072537661551, 0.000706341, 22.16, 39.53
0.12, 0.010072537661551, 0.000706341, 22.59, 40.3
0.12, 0.010072537661551, 0.000706341, 24.19, 42.59
0.12, 0.010072537661551, 0.000706341, 24.19, 42.57
